Tempo: 0.040279s
Objective Value(dc - df) = 72.000000
Palavra(x) = @LDEQVEYNAN@PM@NTIGRAVGGANDKII@DFTVY@DSSLIIPLP@SLLSTQIEGANPPKRVNYRSTSSHVISTYGTDDCKIIAGNITYQLLGRDLLMS
dc = 72
df = 0
Var fracionarias = 
x_0_T=0.125000
x_0_V=0.875000
x_11_K=0.875000
x_11_P=0.125000
x_14_A=0.250000
x_14_Y=0.750000
x_30_T=0.250000
x_30_V=0.750000
x_36_S=0.625000
x_36_T=0.375000
x_46_K=0.625000
x_46_F=0.375000Var inteiras 0.0 = 
x_1_L=-0.000000
x_2_D=-0.000000
x_3_E=-0.000000
x_4_Q=-0.000000
x_5_V=-0.000000
x_6_E=-0.000000
x_7_Y=-0.000000
x_8_N=-0.000000
x_9_A=0.000000
x_10_N=0.000000
x_12_P=-0.000000
x_13_M=-0.000000
x_15_N=-0.000000
x_16_T=-0.000000
x_17_I=-0.000000
x_18_G=-0.000000
x_19_R=0.000000
x_20_A=-0.000000
x_21_V=0.000000
x_22_G=-0.000000
x_23_G=-0.000000
x_24_A=-0.000000
x_25_N=-0.000000
x_26_D=-0.000000
x_27_K=-0.000000
x_28_I=-0.000000
x_29_I=-0.000000
x_31_D=-0.000000
x_32_F=0.000000
x_33_T=-0.000000
x_34_V=-0.000000
x_35_Y=-0.000000
x_37_D=0.000000
x_38_S=-0.000000
x_39_S=-0.000000
x_40_L=-0.000000
x_41_I=-0.000000
x_42_I=0.000000
x_43_P=-0.000000
x_44_L=-0.000000
x_45_P=-0.000000
x_47_S=-0.000000
x_48_L=-0.000000
x_49_L=0.000000
x_50_S=-0.000000
x_51_T=-0.000000
x_52_Q=-0.000000
x_53_I=-0.000000
x_54_E=0.000000
x_55_G=0.000000
x_56_A=-0.000000
x_57_N=-0.000000
x_58_P=-0.000000
x_59_P=-0.000000
x_60_K=-0.000000
x_61_R=-0.000000
x_62_V=-0.000000
x_63_N=-0.000000
x_64_Y=-0.000000
x_65_R=0.000000
x_66_S=-0.000000
x_67_T=-0.000000
x_68_S=-0.000000
x_69_S=-0.000000
x_70_H=-0.000000
x_71_V=-0.000000
x_72_I=-0.000000
x_73_S=-0.000000
x_74_T=-0.000000
x_75_Y=-0.000000
x_76_G=-0.000000
x_77_T=-0.000000
x_78_D=0.000000
x_79_D=-0.000000
x_80_C=-0.000000
x_81_K=-0.000000
x_82_I=0.000000
x_83_I=-0.000000
x_84_A=-0.000000
x_85_G=-0.000000
x_86_N=-0.000000
x_87_I=-0.000000
x_88_T=-0.000000
x_89_Y=-0.000000
x_90_Q=-0.000000
x_91_L=-0.000000
x_92_L=-0.000000
x_93_G=-0.000000
x_94_R=-0.000000
x_95_D=-0.000000
x_96_L=-0.000000
x_97_L=-0.000000
x_98_M=-0.000000
x_99_S=-0.000000Var fracionarias = Var inteiras 1.0 = 
y_0_0=1.000000
y_1_0=1.000000
y_2_0=1.000000
y_3_0=1.000000
y_4_0=1.000000
y_5_0=1.000000
Total fracionarias=12
