Tempo: 0.105815s
Objective Value(dc - df) = 77.000000
Palavra(x) = TL@@@VHTPALPPMEN@TKVRIGGQKDTIVVLTSLSDPSSNIPIPISS@N@TSI@NS@AGKRVIIQTTSSITILL@GTTIP@IIAGNLGSVLGGLLLF
dc = 77
df = 0
Var fracionarias = 
x_2_D=0.926471
x_2_P=0.073529
x_3_E=0.397059
x_3_V=0.602941
x_4_Q=0.852941
x_4_H=0.147059
x_16_I=0.735294
x_16_T=0.264706
x_48_I=0.220588
x_48_L=0.779412
x_50_G=0.382353
x_50_S=0.617647
x_54_N=0.323529
x_54_Y=0.676471
x_57_N=0.720588
x_57_P=0.279412
x_75_S=0.602941
x_75_V=0.397059
x_81_L=0.397059
x_81_F=0.602941Var inteiras 0.0 = 
x_0_T=0.000000
x_1_L=0.000000
x_5_V=0.000000
x_6_H=-0.000000
x_7_T=0.000000
x_8_P=0.000000
x_9_A=0.000000
x_10_L=-0.000000
x_11_P=-0.000000
x_12_P=-0.000000
x_13_M=-0.000000
x_14_E=-0.000000
x_15_N=0.000000
x_17_T=-0.000000
x_18_K=0.000000
x_19_V=-0.000000
x_20_R=-0.000000
x_21_I=0.000000
x_22_G=0.000000
x_23_G=0.000000
x_24_Q=-0.000000
x_25_K=-0.000000
x_26_D=0.000000
x_27_T=0.000000
x_28_I=-0.000000
x_29_V=-0.000000
x_30_V=0.000000
x_31_L=-0.000000
x_32_T=-0.000000
x_33_S=0.000000
x_34_L=-0.000000
x_35_S=-0.000000
x_36_D=-0.000000
x_37_P=-0.000000
x_38_S=-0.000000
x_39_S=-0.000000
x_40_N=0.000000
x_41_I=-0.000000
x_42_P=-0.000000
x_43_I=-0.000000
x_44_P=-0.000000
x_45_I=-0.000000
x_46_S=-0.000000
x_47_S=-0.000000
x_49_N=0.000000
x_51_T=-0.000000
x_52_S=0.000000
x_53_I=-0.000000
x_55_N=0.000000
x_56_S=-0.000000
x_58_A=0.000000
x_59_G=0.000000
x_60_K=-0.000000
x_61_R=0.000000
x_62_V=0.000000
x_63_I=0.000000
x_64_I=-0.000000
x_65_Q=0.000000
x_66_T=0.000000
x_67_T=-0.000000
x_68_S=-0.000000
x_69_S=-0.000000
x_70_I=-0.000000
x_71_T=0.000000
x_72_I=-0.000000
x_73_L=-0.000000
x_74_L=-0.000000
x_76_G=-0.000000
x_77_T=-0.000000
x_78_T=0.000000
x_79_I=-0.000000
x_80_P=-0.000000
x_82_I=-0.000000
x_83_I=-0.000000
x_84_A=-0.000000
x_85_G=-0.000000
x_86_N=-0.000000
x_87_L=0.000000
x_88_G=-0.000000
x_89_S=-0.000000
x_90_V=-0.000000
x_91_L=-0.000000
x_92_G=-0.000000
x_93_G=0.000000
x_94_L=-0.000000
x_95_L=-0.000000
x_96_L=-0.000000
x_97_F=-0.000000Var fracionarias = Var inteiras 1.0 = 
y_0_0=1.000000
y_1_0=1.000000
y_2_0=1.000000
y_3_0=1.000000
y_4_0=1.000000
y_5_0=1.000000
y_6_0=1.000000
y_7_0=1.000000
y_8_0=1.000000
y_9_0=1.000000
y_10_0=1.000000
y_11_0=1.000000
Total fracionarias=20
