Tempo: 0.085676s
Objective Value(dc - df) = 999999999999999967336168804116691273849533185806555472917961779471295845921727862608739868455469056.000000
Palavra(x) = VLLTAEEALLKASWWKVVAHIEVHGLELLFRLFLKHPETRTKLDFFDLSSSEDEMKNAMKKAAAAKVLTVAHAALLALKNIAAVDSQASKLRLDSKHVGPENHDLLFEVLIIAALQTIKEAWGDADAAAANVAATEAADAL
dc = 97
df = 0
Var fracionarias = Var inteiras 0.0 = 
x_0_V=-0.000000
x_1_L=-0.000000
x_2_L=0.000000
x_3_T=0.000000
x_4_A=-0.000000
x_5_E=0.000000
x_6_E=0.000000
x_7_A=-0.000000
x_8_L=-0.000000
x_9_L=-0.000000
x_10_K=0.000000
x_11_A=0.000000
x_12_S=-0.000000
x_13_W=0.000000
x_14_W=-0.000000
x_15_K=-0.000000
x_16_V=0.000000
x_17_V=-0.000000
x_18_A=0.000000
x_19_H=-0.000000
x_20_I=0.000000
x_21_E=-0.000000
x_22_V=-0.000000
x_23_H=-0.000000
x_24_G=-0.000000
x_25_L=-0.000000
x_26_E=0.000000
x_27_L=-0.000000
x_28_L=0.000000
x_29_F=-0.000000
x_30_R=0.000000
x_31_L=-0.000000
x_32_F=0.000000
x_33_L=-0.000000
x_34_K=0.000000
x_35_H=0.000000
x_36_P=-0.000000
x_37_E=-0.000000
x_38_T=-0.000000
x_39_R=0.000000
x_40_T=-0.000000
x_41_K=-0.000000
x_42_L=0.000000
x_43_D=-0.000000
x_44_F=-0.000000
x_45_F=-0.000000
x_46_D=-0.000000
x_47_L=-0.000000
x_48_S=-0.000000
x_49_S=-0.000000
x_50_S=0.000000
x_51_E=-0.000000
x_52_D=-0.000000
x_53_E=-0.000000
x_54_M=0.000000
x_55_K=-0.000000
x_56_N=-0.000000
x_57_A=0.000000
x_58_M=0.000000
x_59_K=-0.000000
x_60_K=-0.000000
x_61_A=-0.000000
x_62_A=-0.000000
x_63_A=-0.000000
x_64_A=0.000000
x_65_K=-0.000000
x_66_V=-0.000000
x_67_L=0.000000
x_68_T=-0.000000
x_69_V=0.000000
x_70_A=-0.000000
x_71_H=0.000000
x_72_A=-0.000000
x_73_A=0.000000
x_74_L=-0.000000
x_75_L=-0.000000
x_76_A=0.000000
x_77_L=0.000000
x_78_K=-0.000000
x_79_N=0.000000
x_80_I=-0.000000
x_81_A=-0.000000
x_82_A=-0.000000
x_83_V=-0.000000
x_84_D=0.000000
x_85_S=-0.000000
x_86_Q=-0.000000
x_87_A=-0.000000
x_88_S=0.000000
x_89_K=-0.000000
x_90_L=-0.000000
x_91_R=-0.000000
x_92_L=-0.000000
x_93_D=-0.000000
x_94_S=-0.000000
x_95_K=0.000000
x_96_H=-0.000000
x_97_V=-0.000000
x_98_G=0.000000
x_99_P=-0.000000
x_100_E=-0.000000
x_101_N=0.000000
x_102_H=-0.000000
x_103_D=-0.000000
x_104_L=-0.000000
x_105_L=-0.000000
x_106_F=-0.000000
x_107_E=-0.000000
x_108_V=-0.000000
x_109_L=-0.000000
x_110_I=-0.000000
x_111_I=-0.000000
x_112_A=-0.000000
x_113_A=-0.000000
x_114_L=-0.000000
x_115_Q=0.000000
x_116_T=-0.000000
x_117_I=-0.000000
x_118_K=0.000000
x_119_E=-0.000000
x_120_A=-0.000000
x_121_W=-0.000000
x_122_G=-0.000000
x_123_D=-0.000000
x_124_A=0.000000
x_125_D=-0.000000
x_126_A=0.000000
x_127_A=-0.000000
x_128_A=0.000000
x_129_A=-0.000000
x_130_N=-0.000000
x_131_V=0.000000
x_132_A=-0.000000
x_133_A=-0.000000
x_134_T=-0.000000
x_135_E=0.000000
x_136_A=-0.000000
x_137_A=-0.000000
x_138_D=0.000000
x_139_A=-0.000000
x_140_L=-0.000000Var fracionarias = Var inteiras 1.0 = 
y_0_0=1.000000
y_1_0=1.000000
y_2_0=1.000000
y_3_0=1.000000
y_4_0=1.000000
y_5_0=1.000000
y_6_0=1.000000
y_7_0=1.000000
y_8_0=1.000000
y_9_0=1.000000
Total fracionarias=0
