Tempo: 0.056503s
Objective Value(dc - df) = 75.000000
Palavra(x) = TLD@@PH@@ATPPMENITNVTITGQPDTIEVLTSL@L@GSVIP@PISSLWGTSV@NAYAGKRGIIQDGSSIV@SLVGTTIVKIIAGNDGSVEG@LLLF
dc = 75
df = 0
Var fracionarias = 
x_3_E=0.717949
x_3_V=0.282051
x_4_R=0.666667
x_4_Q=0.333333
x_7_P=0.897436
x_7_Y=0.102564
x_8_N=0.897436
x_8_P=0.102564
x_35_D=0.410256
x_35_G=0.589744
x_37_P=0.897436
x_37_S=0.102564
x_43_I=0.897436
x_43_P=0.102564
x_54_N=0.794872
x_54_Y=0.205128
x_72_S=0.794872
x_72_T=0.205128
x_93_G=0.461538
x_93_V=0.538462Var inteiras 0.0 = 
x_0_T=-0.000000
x_1_L=-0.000000
x_2_D=-0.000000
x_5_P=-0.000000
x_6_H=0.000000
x_9_A=-0.000000
x_10_T=-0.000000
x_11_P=-0.000000
x_12_P=-0.000000
x_13_M=-0.000000
x_14_E=0.000000
x_15_N=-0.000000
x_16_I=-0.000000
x_17_T=-0.000000
x_18_N=0.000000
x_19_V=0.000000
x_20_T=-0.000000
x_21_I=-0.000000
x_22_T=-0.000000
x_23_G=0.000000
x_24_Q=-0.000000
x_25_P=0.000000
x_26_D=-0.000000
x_27_T=-0.000000
x_28_I=-0.000000
x_29_E=-0.000000
x_30_V=-0.000000
x_31_L=-0.000000
x_32_T=0.000000
x_33_S=0.000000
x_34_L=-0.000000
x_36_L=-0.000000
x_38_G=0.000000
x_39_S=-0.000000
x_40_V=-0.000000
x_41_I=-0.000000
x_42_P=-0.000000
x_44_P=0.000000
x_45_I=0.000000
x_46_S=-0.000000
x_47_S=-0.000000
x_48_L=-0.000000
x_49_W=-0.000000
x_50_G=-0.000000
x_51_T=-0.000000
x_52_S=-0.000000
x_53_V=-0.000000
x_55_N=0.000000
x_56_A=0.000000
x_57_Y=-0.000000
x_58_A=0.000000
x_59_G=0.000000
x_60_K=-0.000000
x_61_R=-0.000000
x_62_G=-0.000000
x_63_I=-0.000000
x_64_I=-0.000000
x_65_Q=-0.000000
x_66_D=-0.000000
x_67_G=0.000000
x_68_S=-0.000000
x_69_S=-0.000000
x_70_I=-0.000000
x_71_V=0.000000
x_73_S=-0.000000
x_74_L=0.000000
x_75_V=-0.000000
x_76_G=-0.000000
x_77_T=-0.000000
x_78_T=-0.000000
x_79_I=-0.000000
x_80_V=-0.000000
x_81_K=-0.000000
x_82_I=-0.000000
x_83_I=-0.000000
x_84_A=-0.000000
x_85_G=-0.000000
x_86_N=-0.000000
x_87_D=-0.000000
x_88_G=0.000000
x_89_S=0.000000
x_90_V=0.000000
x_91_E=-0.000000
x_92_G=-0.000000
x_94_L=-0.000000
x_95_L=-0.000000
x_96_L=0.000000
x_97_F=0.000000Var fracionarias = Var inteiras 1.0 = 
y_0_0=1.000000
y_1_0=1.000000
y_2_0=1.000000
y_3_0=1.000000
y_4_0=1.000000
y_5_0=1.000000
y_6_0=1.000000
y_7_0=1.000000
y_8_0=1.000000
y_9_0=1.000000
Total fracionarias=20
